50007801
50007802
50007803
50007804
50007805
50007806
50007807
50007808
50007809
50007810
50007811
50007812
50007813
50007814
50007815
50007816
50007817
50007818
50007819
50007820
50007821
50007822
50007823
50007824
50007825
50007826
50007827
50007828
50007829
50007830
50007831
50007832
50007833
50007834
50007835
50007836
50007837
50007838
50007839
50007840
50007841
50007842
50007843
50007844
50007845
50007846
50007847
50007848
50007849
50007850
50007851
50007852
50007853
50007854
50007855
50007856
50007857
50007858
50007859
50007860
00005601
00005602
00005603
00005604
00005605
00005606
00005607
00005608
00005609
00005610
00005611
00005612
00005613
00005614
00005615
00005616
00005617
00005618
00005619
00005620
00005621
00005622
00005623
00005624
00005625
00005626
00005627
00005628
00005629
00005630
00005631
00005632
00005633
00005634
00005635
00005636
00005637
00005638
00005639
00005640
00005641
00005642
00005643
00005644
00005645
00005646
00005647
00005648
00005649
00005650
00005651
00005652
00005653
00005654
00005655
00005656
00005657
00005658
00005659
